-0.0342899988 0.0342899988 -0.00127 0.00127 -0.0427999992 0.0033
1 2560.5835 0.0 1296.0 0.0 2595.227 1024.0 0.0 0.0 1.0 -0.0 -0.0 -1.0 0.0 -1.0 0.0 -1.0 0.0 0.0 0.3 0.0 0.0
2 2560.5835 0.0 1296.0 0.0 2595.227 1024.0 0.0 0.0 1.0 -0.0 0.17365 -0.98481 -0.0 -0.98481 -0.17365 -1.0 0.0 0.0 0.29544 0.05209 0.0
3 2560.5835 0.0 1296.0 0.0 2595.227 1024.0 0.0 0.0 1.0 -0.0 0.34202 -0.93969 -0.0 -0.93969 -0.34202 -1.0 0.0 0.0 0.28191 0.10261 0.0
4 2560.5835 0.0 1296.0 0.0 2595.227 1024.0 0.0 0.0 1.0 -0.0 0.5 -0.86603 -0.0 -0.86603 -0.5 -1.0 0.0 0.0 0.25981 0.15 0.0
5 2560.5835 0.0 1296.0 0.0 2595.227 1024.0 0.0 0.0 1.0 -0.0 0.64279 -0.76604 -0.0 -0.76604 -0.64279 -1.0 0.0 0.0 0.22981 0.19284 0.0
6 2560.5835 0.0 1296.0 0.0 2595.227 1024.0 0.0 0.0 1.0 -0.0 0.76604 -0.64279 -0.0 -0.64279 -0.76604 -1.0 0.0 0.0 0.19284 0.22981 0.0
7 2560.5835 0.0 1296.0 0.0 2595.227 1024.0 0.0 0.0 1.0 -0.0 0.86603 -0.5 -0.0 -0.5 -0.86603 -1.0 0.0 0.0 0.15 0.25981 0.0
8 2560.5835 0.0 1296.0 0.0 2595.227 1024.0 0.0 0.0 1.0 -0.0 0.93969 -0.34202 -0.0 -0.34202 -0.93969 -1.0 0.0 0.0 0.10261 0.28191 0.0
9 2560.5835 0.0 1296.0 0.0 2595.227 1024.0 0.0 0.0 1.0 -0.0 0.98481 -0.17365 -0.0 -0.17365 -0.98481 -1.0 0.0 0.0 0.05209 0.29544 0.0
10 2560.5835 0.0 1296.0 0.0 2595.227 1024.0 0.0 0.0 1.0 -0.0 1.0 -0.0 -0.0 -0.0 -1.0 -1.0 0.0 0.0 0.0 0.3 0.0
11 2560.5835 0.0 1296.0 0.0 2595.227 1024.0 0.0 0.0 1.0 0.0 0.98481 0.17365 -0.0 0.17365 -0.98481 -1.0 0.0 0.0 -0.05209 0.29544 0.0
12 2560.5835 0.0 1296.0 0.0 2595.227 1024.0 0.0 0.0 1.0 0.0 0.93969 0.34202 -0.0 0.34202 -0.93969 -1.0 0.0 0.0 -0.10261 0.28191 0.0
13 2560.5835 0.0 1296.0 0.0 2595.227 1024.0 0.0 0.0 1.0 0.0 0.86603 0.5 -0.0 0.5 -0.86603 -1.0 0.0 0.0 -0.15 0.25981 0.0
14 2560.5835 0.0 1296.0 0.0 2595.227 1024.0 0.0 0.0 1.0 0.0 0.76604 0.64279 -0.0 0.64279 -0.76604 -1.0 0.0 0.0 -0.19284 0.22981 0.0
15 2560.5835 0.0 1296.0 0.0 2595.227 1024.0 0.0 0.0 1.0 0.0 0.64279 0.76604 -0.0 0.76604 -0.64279 -1.0 0.0 0.0 -0.22981 0.19284 0.0
16 2560.5835 0.0 1296.0 0.0 2595.227 1024.0 0.0 0.0 1.0 0.0 0.5 0.86603 -0.0 0.86603 -0.5 -1.0 0.0 0.0 -0.25981 0.15 0.0
17 2560.5835 0.0 1296.0 0.0 2595.227 1024.0 0.0 0.0 1.0 0.0 0.34202 0.93969 -0.0 0.93969 -0.34202 -1.0 0.0 0.0 -0.28191 0.10261 0.0
18 2560.5835 0.0 1296.0 0.0 2595.227 1024.0 0.0 0.0 1.0 0.0 0.17365 0.98481 -0.0 0.98481 -0.17365 -1.0 0.0 0.0 -0.29544 0.05209 0.0
19 2560.5835 0.0 1296.0 0.0 2595.227 1024.0 0.0 0.0 1.0 0.0 0.0 1.0 -0.0 1.0 -0.0 -1.0 0.0 0.0 -0.3 0.0 0.0
20 2560.5835 0.0 1296.0 0.0 2595.227 1024.0 0.0 0.0 1.0 0.0 -0.17365 0.98481 0.0 0.98481 0.17365 -1.0 0.0 0.0 -0.29544 -0.05209 0.0
21 2560.5835 0.0 1296.0 0.0 2595.227 1024.0 0.0 0.0 1.0 0.0 -0.34202 0.93969 0.0 0.93969 0.34202 -1.0 0.0 0.0 -0.28191 -0.10261 0.0
22 2560.5835 0.0 1296.0 0.0 2595.227 1024.0 0.0 0.0 1.0 0.0 -0.5 0.86603 0.0 0.86603 0.5 -1.0 0.0 0.0 -0.25981 -0.15 0.0
23 2560.5835 0.0 1296.0 0.0 2595.227 1024.0 0.0 0.0 1.0 0.0 -0.64279 0.76604 0.0 0.76604 0.64279 -1.0 0.0 0.0 -0.22981 -0.19284 0.0
24 2560.5835 0.0 1296.0 0.0 2595.227 1024.0 0.0 0.0 1.0 0.0 -0.76604 0.64279 0.0 0.64279 0.76604 -1.0 0.0 0.0 -0.19284 -0.22981 0.0
25 2560.5835 0.0 1296.0 0.0 2595.227 1024.0 0.0 0.0 1.0 0.0 -0.86603 0.5 0.0 0.5 0.86603 -1.0 0.0 0.0 -0.15 -0.25981 0.0
26 2560.5835 0.0 1296.0 0.0 2595.227 1024.0 0.0 0.0 1.0 0.0 -0.93969 0.34202 0.0 0.34202 0.93969 -1.0 0.0 0.0 -0.10261 -0.28191 0.0
27 2560.5835 0.0 1296.0 0.0 2595.227 1024.0 0.0 0.0 1.0 0.0 -0.98481 0.17365 0.0 0.17365 0.98481 -1.0 0.0 0.0 -0.05209 -0.29544 0.0
28 2560.5835 0.0 1296.0 0.0 2595.227 1024.0 0.0 0.0 1.0 0.0 -1.0 0.0 0.0 0.0 1.0 -1.0 0.0 0.0 -0.0 -0.3 0.0
29 2560.5835 0.0 1296.0 0.0 2595.227 1024.0 0.0 0.0 1.0 -0.0 -0.98481 -0.17365 0.0 -0.17365 0.98481 -1.0 0.0 0.0 0.05209 -0.29544 0.0
30 2560.5835 0.0 1296.0 0.0 2595.227 1024.0 0.0 0.0 1.0 -0.0 -0.93969 -0.34202 0.0 -0.34202 0.93969 -1.0 0.0 0.0 0.10261 -0.28191 0.0
31 2560.5835 0.0 1296.0 0.0 2595.227 1024.0 0.0 0.0 1.0 -0.0 -0.86603 -0.5 0.0 -0.5 0.86603 -1.0 0.0 0.0 0.15 -0.25981 0.0
32 2560.5835 0.0 1296.0 0.0 2595.227 1024.0 0.0 0.0 1.0 -0.0 -0.76604 -0.64279 0.0 -0.64279 0.76604 -1.0 0.0 0.0 0.19284 -0.22981 0.0
33 2560.5835 0.0 1296.0 0.0 2595.227 1024.0 0.0 0.0 1.0 -0.0 -0.64279 -0.76604 0.0 -0.76604 0.64279 -1.0 0.0 0.0 0.22981 -0.19284 0.0
34 2560.5835 0.0 1296.0 0.0 2595.227 1024.0 0.0 0.0 1.0 -0.0 -0.5 -0.86603 0.0 -0.86603 0.5 -1.0 0.0 0.0 0.25981 -0.15 0.0
35 2560.5835 0.0 1296.0 0.0 2595.227 1024.0 0.0 0.0 1.0 -0.0 -0.34202 -0.93969 0.0 -0.93969 0.34202 -1.0 0.0 0.0 0.28191 -0.10261 0.0
36 2560.5835 0.0 1296.0 0.0 2595.227 1024.0 0.0 0.0 1.0 -0.0 -0.17365 -0.98481 0.0 -0.98481 0.17365 -1.0 0.0 0.0 0.29544 -0.05209 0.0
